{
 "cells": [
  {
   "cell_type": "markdown",
   "metadata": {},
   "source": [
    "# Introduction to Dynamic Programming\n",
    "\n",
    "## CSCI E-82A\n",
    "## Stephen Elston\n",
    "\n",
    "In the previous lesson we explored the concepts of **Markov decision processes (MDP)** and **Markov reward processes (MRP)**. Now we will extend these concepts and apply them to finding **optimal solutions** for such systems. By an optimal solution, we mean a solution which produces **greater reward** than any other solution. \n",
    "\n",
    "To understand how we can find optimal solutions we must introduce some new concepts:\n",
    "1. An **action** causes a state transition. This transition may be to the same state. \n",
    "2. A **policy** specifies the **actions** given the state. In other words, the policy defines the actions to be specified by the agent. \n",
    "3. An **optimal policy** produces the greatest reward possible given the initial state of the system.\n",
    "4. A **plan** is the sequence of actions leading to an optimal result. \n",
    "\n",
    "In this an subsequent lessons, we will explore some powerful methods for finding optimal policies. Broadly, these methods are known as **dynamic programming** and **reinforcement learning**. In this lesson we will focus on the representation and learning methods for dynamic programming. Dynamic programming algorithms can be the basis of effective and flexible intelligent agents as shown below.\n",
    "\n",
    "<img src=\"img/DPAgent.JPG\" alt=\"Drawing\" style=\"width:500px; height:300px\"/>\n",
    "<center> **Dynamic Programming Agent and Environment** </center>  \n",
    "\n",
    "\n",
    "**Suggested readings** for dynamic programming are:\n",
    "- Sutton and Barto, second edition, Sections 3.7, 3.8, and Chapter 4 or,   \n",
    "- Russell and Norvig, third edition, Sections 17.1, 17.2 or, \n",
    "- Kochenderfer, Sections 4.1, 4.2, 4.3, 4.5, 4.6."
   ]
  },
  {
   "cell_type": "markdown",
   "metadata": {},
   "source": [
    "## What is Dynamic Programming?\n",
    "\n",
    "What is **dynamic programming**? In the most general terms, dynamic programming is a **optimal planning method**. Planning methods enable an intelligent agent to gain improved autonomy though a sequence of optimal actions to achieve a **goal**. \n",
    "\n",
    "Dynamic programming was developed in the 1950's by mathematician [**Richard Bellman**](https://en.wikipedia.org/wiki/Richard_E._Bellman). By *programming* Bellman meant a computer algorithm which computes a a plan of actions to optimize the **utility** or **total reward** for the states visited in a Markov process. By *dynamic*, Bellman meant the algorithm solves the problem recursively by operating on smaller and simpler sub-problems. \n",
    "\n",
    "Like dynamic programming, **reinforcement learning** is class of optimization algorithms using a sequence of actions for a system represented by a Markov processes.Therefore, understanding dynamic programming is good path to understanding reinforcement learning. \n",
    "\n",
    ". **Note:** If you are familiar with machine learning, you may recognize Bellman as the person who coined the phrase *the curse of dimensionality*."
   ]
  },
  {
   "cell_type": "markdown",
   "metadata": {},
   "source": [
    "## Value Functions and Policy Evaluation\n",
    "\n",
    "Given a Markov random process, a reward function, and a policy of actions, how can we evaluate the policy? We can perform **policy evaluation** in two ways, using a value function or an action value function.  \n",
    "\n",
    "### Policy Evaluation with Value Functions\n",
    "\n",
    "First, we can perform **policy evaluation** with a **value function**. The value function is the expected value of the **gain** achieved by following a policy, $\\pi(a|s)$, given the current state. We can express the state value function as follows:\n",
    "\n",
    "$$\n",
    "\\begin{align}\n",
    "v_{\\pi}(s) &= \\mathbb{E}_{\\pi} [ G_t\\ |\\ S_t = s] \\\\\n",
    "&= \\mathbb{E}_{\\pi} [R_{t+1} + \\gamma G_{t+1}\\ |\\ S_t = s] \\\\\n",
    "&= \\mathbb{E}_{\\pi} [R_{t+1} + \\gamma v_{\\pi} (S_{t+1})\\ |\\ S_t = s] \\\\\n",
    "&= \\sum_a \\pi(a|s) \\sum_{s',r} p(s',r | s,a) \\big[ r + \\gamma v_{\\pi}(s') \\big],\\ \\forall a \n",
    "\\end{align}\n",
    "$$\n",
    "Where,  \n",
    "$\\mathbb{E}_{\\pi} [] =$ Expectation given policy $\\pi$,   \n",
    "$v_{\\pi}(s) =$ value of state, s, given policy $\\pi$,   \n",
    "$G_t =$ return at step $t$,    \n",
    "$S_t =$ state at step $t$,    \n",
    "$R_t =$ reward at step $t$,  \n",
    "$\\pi(a|s) =$ the policy specifying action, $a$, given state, $s$,  \n",
    "$p(s',r | s,a) =$ probability of successor state, $s'$, and reward, $r$, given state, $s$, and action $a$,  \n",
    "$\\gamma =$ discount rate. \n",
    "\n",
    "\n",
    "The above relations are known as the **Bellman value equations**. This relationship tells us how to compute the value of being in a particular state, $s$. There is one such equation for each state, $s \\in \\xi$, of the Markov process.\n",
    "\n",
    "In principle, we could find the state values by solving the $\\xi \\in R^n$ simultaneous linear Bellman state value equations. However, this approach has computational complexity $O(n^3)$. \n",
    "\n",
    "Examine the last line of the above relations and notice it can be viewed as a **recursion**. This leads us to an iterative solutions. We can start with an initial set of state values (e.g, 0) and iterate the equation through $T$ time steps, until meeting a **convergence criteria**. The convergence criteria is a measure in the change of the state values from one iteration to the next. \n",
    "\n",
    "The recursion of the state value equations iterate though values of the successor states. The estimate of state value is improved at each step using= the estimates of successor states. We call such an algorithm a **Bootstrap method**. \n",
    "\n"
   ]
  },
  {
   "cell_type": "markdown",
   "metadata": {},
   "source": [
    "### Policy Evaluation with Action Value Functions\n",
    "\n",
    "As an alternative to the state value function, we can use the **Bellman state action function**:\n",
    "\n",
    "$$\\begin{align}\n",
    "q_\\pi(s,a) &= \\mathbb{E_\\pi} \\big[G_{t}\\ \\big|\\ S_t = s, A_t = a \\big]  \\\\\n",
    "&= \\mathbb{E_\\pi} \\Big[ \\sum_{k=0}^\\infty \\gamma^k\\ R_{t+k+1} \\big|\\ S_t = s, A_t = a \\Big]  \\\\\n",
    "&= \\sum_{s',r} p(s',r\\ |\\ s,a) \\big[ r + \\gamma\\ q_\\pi(S_{t+1},a') \\big]\n",
    "\\end{align}$$\n",
    "\n",
    "Where,\n",
    "$q_\\pi(s,a) =$ is the action value, which is the value of action, $a$ from state $s$ following policy $\\pi$,   \n",
    "$A_t = $ the action taken at step $t$,  \n",
    "$a' = $ the action taken from the successor state, $s'$,  \n",
    "and other notation is the same as discussed for the state value function. \n",
    "\n",
    "\n",
    "Examining the last line of the above relationship shows that this is a recursion relation as well. Thus, we can bootstrap with the action value function to iteratively find the action values for the Markov process. "
   ]
  },
  {
   "cell_type": "markdown",
   "metadata": {},
   "source": [
    "## State Value for Grid World Example\n",
    "\n",
    "Let's try an example of computing the state values of a Markov process. In this example, we will work with both the **representations** and **learning**. We will apply the state value function approach here. \n",
    "\n",
    "**Navigation** to a goal is a significant problem in robotics. Real-world navigation is rather complex. Therefore, in this example we will use a simple analog called a **grid world**. The grid world for this problem is shown below. \n",
    "\n",
    "<img src=\"img/GridWorld.JPG\" alt=\"Drawing\" style=\"width:200px; height:200px\"/>\n",
    "<center> **A 4x4 Grid World with Terminal State** </center>\n",
    "\n",
    "The grid world consists of a 4x4 set of positions the robot can occupy. Each position is considered a state. The goal is to navigate to state 0, the goal, in the minimum steps. We will explore methods to find policies which reach this goal and achieve maximum reward. \n",
    "\n",
    "Grid position 0 is the goal and a **terminal state**. There are no possible state transitions out of this position. The presence of a terminal state makes this an **episodic Markov random process**. In each episode the robot can start in any other random position, $\\{ 1,2,3,4,5,6,7,8,9,10,11,12,13,14,15 \\}$, and the episode terminates when the robot enters the terminal position (state 0).  \n",
    "\n",
    "In each state, there are four possible actions the robot can take:\n",
    "- up, u\n",
    "- down, d,\n",
    "- left, l\n",
    "- right, r\n",
    "\n",
    "We encode, or represent, these possibilities in a dictionary as shown in the code block below. We use a dictionary of dictionaries to perform the lookup. The keys of the outer dictionary are the identifiers (numbers) of the states. The keys of the inner dictionary are the possible actions and the values are the **successor state**, $s'$, for that transition.  \n",
    "\n",
    "Notice that there are no allowed transitions out of the terminal state. Also, any transition that might take the robot off the grid, leaves the state unchanged. "
   ]
  },
  {
   "cell_type": "code",
   "execution_count": 2,
   "metadata": {},
   "outputs": [],
   "source": [
    "## import numpy for latter\n",
    "import numpy as np\n",
    "\n",
    "## Define the transition dictonary of dictionaries:\n",
    "policy = {0:{'u':0, 'd':0, 'l':0, 'r':0},\n",
    "          1:{'u':1, 'd':5, 'l':0, 'r':2},\n",
    "          2:{'u':2, 'd':6, 'l':1, 'r':3},\n",
    "          3:{'u':3, 'd':7, 'l':2, 'r':3},\n",
    "          4:{'u':0, 'd':8, 'l':4, 'r':5},\n",
    "          5:{'u':1, 'd':9, 'l':4, 'r':6},\n",
    "          6:{'u':2, 'd':10, 'l':5, 'r':7},\n",
    "          7:{'u':3, 'd':11, 'l':6, 'r':7},\n",
    "          8:{'u':4, 'd':12, 'l':8, 'r':9},\n",
    "          9:{'u':5, 'd':13, 'l':8, 'r':10},\n",
    "          10:{'u':6, 'd':14, 'l':9, 'r':11},\n",
    "          11:{'u':7, 'd':15, 'l':10, 'r':11},\n",
    "          12:{'u':8, 'd':12, 'l':12, 'r':13},\n",
    "          13:{'u':9, 'd':13, 'l':12, 'r':14},\n",
    "          14:{'u':10, 'd':14, 'l':13, 'r':15},\n",
    "          15:{'u':11, 'd':15, 'l':14, 'r':15}}"
   ]
  },
  {
   "cell_type": "markdown",
   "metadata": {},
   "source": [
    "We need to define the initial transition probabilities for the Markov process. We set the probabilities for each transition as a **uniform distribution** leading to random action by the robot. As there are 4 possible transitions from each state, this means all transition probabilities are 0.25. In other words, this is a random policy which does not favor any particular plan. \n",
    "\n",
    "The initial uniform transition probabilities are encoded using a dictionary of dictionaries. The organization of this data structure is identical to the foregoing data structure. "
   ]
  },
  {
   "cell_type": "code",
   "execution_count": 1,
   "metadata": {},
   "outputs": [],
   "source": [
    "state_to_state_probs = {0:{'u':0.0, 'd':0.0, 'l':0.0, 'r':0.0},\n",
    "                        1:{'u':0.25, 'd':0.25, 'l':0.25, 'r':0.25}, \n",
    "                        2:{'u':0.25, 'd':0.25, 'l':0.25, 'r':0.25},\n",
    "                        3:{'u':0.25, 'd':0.25, 'l':0.25, 'r':0.25},\n",
    "                        4:{'u':0.25, 'd':0.25, 'l':0.25, 'r':0.25},\n",
    "                        5:{'u':0.25, 'd':0.25, 'l':0.25, 'r':0.25},\n",
    "                        6:{'u':0.25, 'd':0.25, 'l':0.25, 'r':0.25},\n",
    "                        7:{'u':0.25, 'd':0.25, 'l':0.25, 'r':0.25},\n",
    "                        8:{'u':0.25, 'd':0.25, 'l':0.25, 'r':0.25},\n",
    "                        9:{'u':0.25, 'd':0.25, 'l':0.25, 'r':0.25},\n",
    "                        10:{'u':0.25, 'd':0.25, 'l':0.25, 'r':0.25},\n",
    "                        11:{'u':0.25, 'd':0.25, 'l':0.25, 'r':0.25},\n",
    "                        12:{'u':0.25, 'd':0.25, 'l':0.25, 'r':0.25},\n",
    "                        13:{'u':0.25, 'd':0.25, 'l':0.25, 'r':0.25},\n",
    "                        14:{'u':0.25, 'd':0.25, 'l':0.25, 'r':0.25},\n",
    "                        15:{'u':0.25, 'd':0.25, 'l':0.25, 'r':0.25}}\n"
   ]
  },
  {
   "cell_type": "markdown",
   "metadata": {},
   "source": [
    "The robot receives the following rewards:\n",
    "- 10 for entering position 0. \n",
    "- -1 for attempting to leave the grid. In other words, we penalize the robot for hitting the edges of the grid.  \n",
    "- -0.1 for all other state transitions, which is the cost for the robot to move from one state to another. If we did not have this penalty, the robot could follow any random plan to the goal which did not hit the edges. \n",
    "\n",
    "We encode this reward in the same type of dictionary structure used for the foregoing structures.  "
   ]
  },
  {
   "cell_type": "code",
   "execution_count": 3,
   "metadata": {},
   "outputs": [],
   "source": [
    "rewards = {0:{'u':0.0, 'd':0.0, 'l':0.0, 'r':0.0},\n",
    "          1:{'u':-1, 'd':-0.1, 'l':10.0, 'r':-0.1},\n",
    "          2:{'u':-1.0, 'd':-0.1, 'l':-0.1, 'r':-0.1},\n",
    "          3:{'u':-1.0, 'd':-0.1, 'l':-0.1, 'r':-1.0},\n",
    "          4:{'u':10.0, 'd':-0.1, 'l':-1.0, 'r':-0.1},\n",
    "          5:{'u':-0.1, 'd':-0.1, 'l':-0.1, 'r':-0.1},\n",
    "          6:{'u':-0.1, 'd':-0.1, 'l':-0.1, 'r':-0.1},\n",
    "          7:{'u':-0.1, 'd':-0.1, 'l':-0.1, 'r':-1.0},\n",
    "          8:{'u':-0.1, 'd':-0.1, 'l':-1.0, 'r':-0.1},\n",
    "          9:{'u':-0.1, 'd':-0.1, 'l':-0.1, 'r':-0.1},\n",
    "          10:{'u':-0.1, 'd':-0.1, 'l':-0.1, 'r':-0.1},\n",
    "          11:{'u':-0.1, 'd':-0.1, 'l':-0.1, 'r':-1.0},\n",
    "          12:{'u':-0.1, 'd':-1.0, 'l':-1.0, 'r':-0.1},\n",
    "          13:{'u':-0.1, 'd':-1.0, 'l':-0.1, 'r':-0.1},\n",
    "          14:{'u':-0.1, 'd':-1.0, 'l':-0.1, 'r':-0.1},\n",
    "          15:{'u':-0.1, 'd':-1.0, 'l':-0.1, 'r':-1.0}}"
   ]
  },
  {
   "cell_type": "markdown",
   "metadata": {},
   "source": [
    "So far, we have constructed a rather poor policy, which is just a random walk around the grid. Still, we can still measure the value of this policy. \n",
    "\n",
    "The function in the code below iterates over the Bellman value function to find the values of each state. The iteration continues until the convergence criteria is meet.  \n",
    "\n",
    "> **Note:** The code in this example takes advantage of the fact that there is only one possible successor state for each action. This means there is no need to sum over successor states."
   ]
  },
  {
   "cell_type": "code",
   "execution_count": 4,
   "metadata": {
    "scrolled": false
   },
   "outputs": [
    {
     "name": "stdout",
     "output_type": "stream",
     "text": [
      "difference metric = 9.65546875\n",
      "[[ 0.          2.2         0.225      -0.49375   ]\n",
      " [ 2.2         1.          0.20625    -0.396875  ]\n",
      " [ 0.225       0.20625     0.003125   -0.4234375 ]\n",
      " [-0.49375    -0.396875   -0.4234375  -0.76171875]]\n",
      "difference metric = 5.476733398437499\n",
      "[[ 0.          3.05625     0.4234375  -0.79023437]\n",
      " [ 3.05625     1.53125     0.29023437 -0.65507812]\n",
      " [ 0.4234375   0.29023437 -0.16660156 -0.82670898]\n",
      " [-0.79023438 -0.65507813 -0.82670898 -1.34421387]]\n",
      "difference metric = 3.4751190185546883\n",
      "[[ 0.          3.45273438  0.51904297 -0.97912598]\n",
      " [ 3.45273438  1.77148438  0.26721191 -0.87342529]\n",
      " [ 0.51904297  0.26721191 -0.37974854 -1.18102417]\n",
      " [-0.97912598 -0.87342529 -1.18102417 -1.81261902]]\n",
      "difference metric = 2.5667635917663567\n",
      "[[ 0.          3.63581543  0.53573608 -1.12398529]\n",
      " [ 3.63581543  1.85151367  0.18351898 -1.07372894]\n",
      " [ 0.53573608  0.18351898 -0.59875259 -1.49153118]\n",
      " [-1.12398529 -1.07372894 -1.49153118 -2.2020751 ]]\n",
      "difference metric = 2.1867448687553415\n",
      "[[ 0.          3.7057663   0.50025902 -1.25536013]\n",
      " [ 3.7057663   1.84464264  0.06810503 -1.26312881]\n",
      " [ 0.50025902  0.06810503 -0.81171308 -1.76711204]\n",
      " [-1.25536013 -1.26312881 -1.76711204 -2.53459357]]\n",
      "difference metric = 2.0827562656253575\n",
      "[[ 0.          3.71266699  0.43141773 -1.38560783]\n",
      " [ 3.71266699  1.79038601 -0.06325954 -1.44477705]\n",
      " [ 0.43141773 -0.06325954 -1.01518579 -2.01541711]\n",
      " [-1.38560783 -1.44477705 -2.01541711 -2.82500534]]\n",
      "difference metric = 2.1186253908555974\n",
      "[[ 0.          3.68361768  0.34154201 -1.51861268]\n",
      " [ 3.68361768  1.71017907 -0.20206044 -1.62021682]\n",
      " [ 0.34154201 -0.20206044 -1.20873878 -2.24234451]\n",
      " [-1.51861268 -1.62021682 -2.24234451 -3.08367493]]\n",
      "difference metric = 2.1332735002899437\n",
      "[[ 0.          3.63383469  0.2386759  -1.65469157]\n",
      " [ 3.63383469  1.61588713 -0.34359814 -1.79021276]\n",
      " [ 0.2386759  -0.34359814 -1.39297133 -2.45230088]\n",
      " [-1.65469157 -1.79021276 -2.45230088 -3.31798791]]\n",
      "difference metric = 2.1191987673779296\n",
      "[[ 0.          3.57209943  0.1281214  -1.79286862]\n",
      " [ 3.57209943  1.51425064 -0.48520301 -1.95514632]\n",
      " [ 0.1281214  -0.48520301 -1.56875195 -2.64854676]\n",
      " [-1.79286862 -1.95514632 -2.64854676 -3.53326733]]\n",
      "difference metric = 2.087971226119129\n",
      "[[ 0.          3.50361787  0.01341691 -1.93186667]\n",
      " [ 3.50361787  1.40920743 -0.62531848 -2.11521956]\n",
      " [ 0.01341691 -0.62531848 -1.73693262 -2.83349157]\n",
      " [-1.93186667 -2.11521956 -2.83349157 -3.73337945]]\n",
      "difference metric = 2.046443860983646\n",
      "[[ 0.          3.43156055 -0.10305192 -2.0705012 ]\n",
      " [ 3.43156055  1.30312103 -0.76302077 -2.27055827]\n",
      " [-0.10305192 -0.76302077 -1.89825617 -3.00892137]\n",
      " [-2.0705012  -2.27055827 -3.00892137 -3.92115041]]\n",
      "difference metric = 1.9987956805895846\n",
      "[[ 0.          3.35790742 -0.21966662 -2.20780682]\n",
      " [ 3.35790742  1.19744332 -0.89775943 -2.42126147]\n",
      " [-0.21966662 -0.89775943 -2.0533404  -3.17616841]\n",
      " [-2.20780682 -2.42126147 -3.17616841 -4.09865941]]\n",
      "difference metric = 1.947646811274432\n",
      "[[ 0.          3.28392103 -0.33532796 -2.34305077]\n",
      " [ 3.28392103  1.0930808  -1.02921226 -2.56742323]\n",
      " [-0.33532796 -1.02921226 -2.20269034 -3.33623535]\n",
      " [-2.34305077 -2.56742323 -3.33623535 -4.26744738]]\n",
      "difference metric = 1.8946804154466341\n",
      "[[ 0.          3.21041847 -0.44929313 -2.47570448]\n",
      " [ 3.21041847  0.9906031  -1.1572009  -2.70914099]\n",
      " [-0.44929313 -1.1572009  -2.34671812 -3.48988546]\n",
      " [-2.47570448 -2.70914099 -3.48988546 -4.42866642]]\n",
      "difference metric = 1.8409987101887464\n",
      "[[ 0.          3.13793211 -0.5610666  -2.60540413]\n",
      " [ 3.13793211  0.89036561 -1.28164003 -2.84651765]\n",
      " [-0.5610666  -1.28164003 -2.48576274 -3.63770807]\n",
      " [-2.60540413 -2.84651765 -3.63770807 -4.58318724]]\n",
      "difference metric = 1.7873329266816207\n",
      "[[ 0.          3.06680778 -0.67032575 -2.73191292]\n",
      " [ 3.06680778  0.79258388 -1.40250557 -2.97966105]\n",
      " [-0.67032575 -1.40250557 -2.62010682 -3.7801658 ]\n",
      " [-2.73191292 -2.97966105 -3.7801658  -4.73167652]]\n",
      "difference metric = 1.7341711162732731\n",
      "[[ 0.          2.99726648 -0.77686944 -2.85508908]\n",
      " [ 2.99726648  0.69738046 -1.51981421 -3.10868253]\n",
      " [-0.77686944 -1.51981421 -2.74999    -3.91762871]\n",
      " [-2.85508908 -3.10868253 -3.91762871 -4.87465262]]\n",
      "difference metric = 1.6818384274629878\n",
      "[[ 0.          2.92944437 -0.88058209 -2.9748607 ]\n",
      " [ 2.92944437  0.60481508 -1.63360989 -3.23369546]\n",
      " [-0.88058209 -1.63360989 -2.8756193  -4.05039902]\n",
      " [-2.9748607  -3.23369546 -4.05039902 -5.01252582]]\n",
      "difference metric = 1.6305490137455632\n",
      "[[ 0.          2.86341934 -0.98140833 -3.0912063 ]\n",
      " [ 2.86341934  0.51490473 -1.74395459 -3.35481384]\n",
      " [-0.98140833 -1.74395459 -2.99717681 -4.17872887]\n",
      " [-3.0912063  -3.35481384 -4.17872887 -5.14562735]]\n",
      "difference metric = 1.580440455011309\n",
      "[[ 0.          2.79922893 -1.07933507 -3.20414038]\n",
      " [ 2.79922893  0.42763717 -1.85092214 -3.47215131]\n",
      " [-1.07933507 -1.85092214 -3.1148255  -4.30283326]\n",
      " [-3.20414038 -3.47215131 -4.30283326 -5.2742303 ]]\n",
      "difference metric = 1.5315970620332353\n",
      "[[ 0.          2.73688276 -1.17437871 -3.31370269]\n",
      " [ 2.73688276  0.34298031 -1.9545938  -3.58582026]\n",
      " [-1.17437871 -1.9545938  -3.22871353 -4.42289934]\n",
      " [-3.31370269 -3.58582026 -4.42289934 -5.39856482]]\n",
      "difference metric = 1.484065913869104\n",
      "[[ 0.          2.67637109 -1.26657603 -3.41995042]\n",
      " [ 2.67637109  0.26088864 -2.05505529 -3.69593133]\n",
      " [-1.26657603 -2.05505529 -3.33897732 -4.5390932 ]\n",
      " [-3.41995042 -3.69593133 -4.5390932  -5.51882901]]\n",
      "difference metric = 1.43786803102878\n",
      "[[ 0.          2.61767093 -1.3559777  -3.52295247]\n",
      " [ 2.61767093  0.18130782 -2.15239463 -3.80259291]\n",
      " [-1.3559777  -2.15239463 -3.44574392 -4.65156476]\n",
      " [-3.52295247 -3.80259291 -4.65156476 -5.63519688]]\n",
      "difference metric = 1.3930062298192314\n",
      "[[ 0.          2.56075026 -1.44264364 -3.62278537]\n",
      " [ 2.56075026  0.10417781 -2.24670066 -3.90591092]\n",
      " [-1.44264364 -2.24670066 -3.54913271 -4.76045132]\n",
      " [-3.62278537 -3.90591092 -4.76045132 -5.7478241 ]]\n",
      "difference metric = 1.3494706783471164\n",
      "[[ 0.          2.50557111 -1.52663964 -3.71953033]\n",
      " [ 2.50557111  0.02943522 -2.33806201 -4.00598865]\n",
      " [-1.52663964 -2.33806201 -3.64925667 -4.86588018]\n",
      " [-3.71953033 -4.00598865 -4.86588018 -5.85685214]]\n",
      "difference metric = 1.3072428429618144\n",
      "[[ 0.          2.45209167 -1.60803508 -3.81327109]\n",
      " [ 2.45209167 -0.04298517 -2.42656639 -4.10292658]\n",
      " [-1.60803508 -2.42656639 -3.74622329 -4.96797055]\n",
      " [-3.81327109 -4.10292658 -4.96797055 -5.96241134]]\n",
      "difference metric = 1.2662982982116209\n",
      "[[ 0.          2.40026786 -1.68690118 -3.90409248]\n",
      " [ 2.40026786 -0.11314927 -2.51230008 -4.19682242]\n",
      " [-1.68690118 -2.51230008 -3.84013531 -5.06683491]\n",
      " [-3.90409248 -4.19682242 -5.06683491 -6.06462313]]\n",
      "difference metric = 1.2266087296030732\n",
      "[[ 0.          2.35005435 -1.76330985 -3.99207931]\n",
      " [ 2.35005435 -0.18112286 -2.59534761 -4.28777106]\n",
      " [-1.76330985 -2.59534761 -3.93109126 -5.16258009]\n",
      " [-3.99207931 -4.28777106 -5.16258009 -6.16360161]]\n",
      "difference metric = 1.1881433606670457\n",
      "[[ 0.          2.30140541 -1.83733284 -4.07731563]\n",
      " [ 2.30140541 -0.2469711  -2.67579156 -4.37586459]\n",
      " [-1.83733284 -2.67579156 -4.01918583 -5.25530803]\n",
      " [-4.07731563 -4.37586459 -5.25530803 -6.25945482]]\n",
      "difference metric = 1.1508699682769645\n",
      "[[ 0.          2.25427537 -1.90904117 -4.15988425]\n",
      " [ 2.25427537 -0.3107581  -2.75371242 -4.46119232]\n",
      " [-1.90904117 -2.75371242 -4.10451022 -5.34511635]\n",
      " [-4.15988425 -4.46119232 -5.34511635 -6.35228558]]\n",
      "difference metric = 1.114755602930012\n",
      "[[ 0.          2.20861903 -1.9785047  -4.23986638]\n",
      " [ 2.20861903 -0.3725467  -2.82918849 -4.54384088]\n",
      " [-1.9785047  -2.82918849 -4.18715242 -5.43209881]\n",
      " [-4.23986638 -4.54384088 -5.43209881 -6.44219219]]\n",
      "difference metric = 1.0797670973851434\n",
      "[[ 0.          2.16439191 -2.04579192 -4.31734139]\n",
      " [ 2.16439191 -0.43239829 -2.90229588 -4.62389424]\n",
      " [-2.04579192 -2.90229588 -4.26719734 -5.51634565]\n",
      " [-4.31734139 -4.62389424 -5.51634565 -6.52926892]]\n",
      "difference metric = 1.0458714234007138\n",
      "[[ 0.          2.12155043 -2.11096969 -4.39238668]\n",
      " [ 2.12155043 -0.49037273 -2.9731085  -4.70143377]\n",
      " [-2.11096969 -2.9731085  -4.34472707 -5.59794385]\n",
      " [-4.39238668 -4.70143377 -5.59794385 -6.61360639]]\n",
      "difference metric = 1.0130359394482493\n",
      "[[ 0.          2.080052   -2.17410322 -4.46507758]\n",
      " [ 2.080052   -0.54652825 -3.04169808 -4.77653832]\n",
      " [-2.17410322 -3.04169808 -4.41982096 -5.67697738]\n",
      " [-4.46507758 -4.77653832 -5.67697738 -6.69529188]]\n",
      "difference metric = 0.9812285602115044\n",
      "[[ 0.          2.03985513 -2.23525594 -4.53548736]\n",
      " [ 2.03985513 -0.60092147 -3.10813417 -4.84928431]\n",
      " [-2.23525594 -3.10813417 -4.49255578 -5.75352734]\n",
      " [-4.53548736 -4.84928431 -5.75352734 -6.77440961]]\n",
      "difference metric = 0.95041787002707\n",
      "[[ 0.          2.00091943 -2.29448951 -4.60368713]\n",
      " [ 2.00091943 -0.65360737 -3.17248424 -4.91974575]\n",
      " [-2.29448951 -3.17248424 -4.56300579 -5.82767212]\n",
      " [-4.60368713 -4.91974575 -5.82767212 -6.85104087]]\n",
      "difference metric = 0.9205731962073318\n",
      "[[ 0.          1.96320564 -2.35186381 -4.66974596]\n",
      " [ 1.96320564 -0.7046393  -3.23481366 -4.98799437]\n",
      " [-2.35186381 -3.23481366 -4.63124289 -5.89948756]\n",
      " [-4.66974596 -4.98799437 -5.89948756 -6.92526421]]\n",
      "difference metric = 0.8916646537181812\n",
      "[[ 0.          1.92667563 -2.40743695 -4.73373081]\n",
      " [ 1.92667563 -0.75406902 -3.29518581 -5.05409964]\n",
      " [-2.40743695 -3.29518581 -4.69733669 -5.96904703]\n",
      " [-4.73373081 -5.05409964 -5.96904703 -6.99715562]]\n",
      "difference metric = 0.8636631694678631\n",
      "[[ 0.          1.89129242 -2.46126529 -4.79570664]\n",
      " [ 1.89129242 -0.8019467  -3.35366208 -5.11812884]\n",
      " [-2.46126529 -3.35366208 -4.76135455 -6.03642151]\n",
      " [-4.79570664 -5.11812884 -6.03642151 -7.06678857]]\n",
      "difference metric = 0.8365404921485002\n",
      "[[ 0.          1.85702011 -2.51340347 -4.8557364 ]\n",
      " [ 1.85702011 -0.84832098 -3.41030196 -5.18014718]\n",
      " [-2.51340347 -3.41030196 -4.82336174 -6.10167975]\n",
      " [-4.8557364  -5.18014718 -6.10167975 -7.13423416]]\n",
      "difference metric = 0.8102691919042944\n",
      "[[ 0.          1.82382391 -2.56390448 -4.91388111]\n",
      " [ 1.82382391 -0.89323903 -3.46516311 -5.24021779]\n",
      " [-2.56390448 -3.46516311 -4.88342143 -6.16488828]\n",
      " [-4.91388111 -5.24021779 -6.16488828 -7.19956122]]\n",
      "difference metric = 0.7848226528994876\n",
      "[[ 0.          1.7916701  -2.61281965 -4.97019992]\n",
      " [ 1.7916701  -0.9367465  -3.51830134 -5.29840183]\n",
      " [-2.61281965 -3.51830134 -4.94159481 -6.22611153]\n",
      " [-4.97019992 -5.29840183 -6.22611153 -7.26283638]]\n",
      "difference metric = 0.7601750609937513\n",
      "[[ 0.          1.76052599 -2.66019873 -5.0247501 ]\n",
      " [ 1.76052599 -0.97888768 -3.56977076 -5.35475856]\n",
      " [-2.66019873 -3.56977076 -4.99794115 -6.2854119 ]\n",
      " [-5.0247501  -5.35475856 -6.2854119  -7.32412414]]\n",
      "difference metric = 0.7363013881094014\n",
      "[[ 0.          1.7303599  -2.70608992 -5.07758717]\n",
      " [ 1.7303599  -1.01970543 -3.61962377 -5.40934535]\n",
      " [-2.70608992 -3.61962377 -5.05251783 -6.34284981]\n",
      " [-5.07758717 -5.40934535 -6.34284981 -7.38348697]]\n",
      "difference metric = 0.7131773744256547\n",
      "[[ 0.          1.70114113 -2.75053993 -5.1287649 ]\n",
      " [ 1.70114113 -1.05924132 -3.66791111 -5.46221779]\n",
      " [-2.75053993 -3.66791111 -5.10538046 -6.39848376]\n",
      " [-5.1287649  -5.46221779 -6.39848376 -7.44098537]]\n",
      "difference metric = 0.690779509211626\n",
      "[[ 0.          1.67283997 -2.79359399 -5.1783354 ]\n",
      " [ 1.67283997 -1.09753557 -3.71468195 -5.51342972]\n",
      " [-2.79359399 -3.71468195 -5.15658285 -6.45237043]\n",
      " [-5.1783354  -5.51342972 -6.45237043 -7.4966779 ]]\n",
      "difference metric = 0.6690850108768125\n",
      "[[ 0.          1.6454276  -2.83529593 -5.22634911]\n",
      " [ 1.6454276  -1.13462717 -3.75998392 -5.5630333 ]\n",
      " [-2.83529593 -3.75998392 -5.20617717 -6.5045647 ]\n",
      " [-5.22634911 -5.5630333  -6.5045647  -7.5506213 ]]\n",
      "difference metric = 0.6480718066500102\n",
      "[[ 0.          1.61887612 -2.87568821 -5.27285493]\n",
      " [ 1.61887612 -1.1705539  -3.80386315 -5.61107902]\n",
      " [-2.87568821 -3.80386315 -5.25421392 -6.55511973]\n",
      " [-5.27285493 -5.61107902 -6.55511973 -7.60287052]]\n",
      "difference metric = 0.6277185121768665\n",
      "[[ 0.          1.5931585  -2.91481195 -5.31790021]\n",
      " [ 1.5931585  -1.20535232 -3.8463643  -5.65761582]\n",
      " [-2.91481195 -3.8463643  -5.30074202 -6.60408702]\n",
      " [-5.31790021 -5.65761582 -6.60408702 -7.65347877]]\n",
      "difference metric = 0.6080044112395013\n",
      "[[ 0.          1.56824856 -2.95270697 -5.3615308 ]\n",
      " [ 1.56824856 -1.23905787 -3.88753067 -5.70269108]\n",
      " [-2.95270697 -3.88753067 -5.34580885 -6.65151643]\n",
      " [-5.3615308  -5.70269108 -6.65151643 -7.7024976 ]]\n",
      "difference metric = 0.5889094357390166\n",
      "[[ 0.          1.54412093 -2.98941188 -5.40379114]\n",
      " [ 1.54412093 -1.27170487 -3.92740417 -5.7463507 ]\n",
      " [-2.98941188 -3.92740417 -5.3894603  -6.69745626]\n",
      " [-5.40379114 -5.7463507  -6.69745626 -7.74997693]]\n",
      "difference metric = 0.5704141460371264\n",
      "[[ 0.          1.52075104 -3.02496404 -5.44472425]\n",
      " [ 1.52075104 -1.30332656 -3.9660254  -5.78863915]\n",
      " [-3.02496404 -3.9660254  -5.43174083 -6.74195329]\n",
      " [-5.44472425 -5.78863915 -6.74195329 -7.79596511]]\n",
      "difference metric = 0.5524997117207824\n",
      "[[ 0.          1.49811511 -3.05939964 -5.48437183]\n",
      " [ 1.49811511 -1.33395514 -4.00343369 -5.82959949]\n",
      " [-3.05939964 -4.00343369 -5.47269349 -6.78505285]\n",
      " [-5.48437183 -5.82959949 -6.78505285 -7.84050898]]\n",
      "difference metric = 0.5351478928307825\n",
      "[[ 0.          1.47619008 -3.09275377 -5.52277423]\n",
      " [ 1.47619008 -1.36362181 -4.03966714 -5.86927343]\n",
      " [-3.09275377 -4.03966714 -5.51235999 -6.82679881]\n",
      " [-5.52277423 -5.86927343 -6.82679881 -7.88365389]]\n",
      "difference metric = 0.518341021578919\n",
      "[[ 0.          1.45495363 -3.12506038 -5.55997057]\n",
      " [ 1.45495363 -1.39235676 -4.07476264 -5.90770136]\n",
      " [-3.12506038 -4.07476264 -5.55078072 -6.8672337 ]\n",
      " [-5.55997057 -5.90770136 -6.8672337  -7.9254438 ]]\n",
      "difference metric = 0.5020619845664731\n",
      "[[ 0.          1.43438412 -3.15635237 -5.59599871]\n",
      " [ 1.43438412 -1.42018926 -4.10875593 -5.94492242]\n",
      " [-3.15635237 -4.10875593 -5.58799481 -6.90639868]\n",
      " [-5.59599871 -5.94492242 -6.90639868 -7.96592124]]\n",
      "difference metric = 0.48629420550865743\n",
      "[[ 0.          1.41446062 -3.1866616  -5.63089536]\n",
      " [ 1.41446062 -1.44714765 -4.14168162 -5.98097452]\n",
      " [-3.1866616  -4.14168162 -5.62404015 -6.94433365]\n",
      " [-5.63089536 -5.98097452 -6.94433365 -8.00512744]]\n",
      "difference metric = 0.4710216284637654\n",
      "[[ 0.          1.39516284 -3.21601893 -5.66469605]\n",
      " [ 1.39516284 -1.47325939 -4.17357325 -6.01589437]\n",
      " [-3.21601893 -4.17357325 -5.65895345 -6.98107723]\n",
      " [-5.66469605 -6.01589437 -6.98107723 -8.04310234]]\n",
      "difference metric = 0.4562287015617361\n",
      "[[ 0.          1.37647113 -3.24445427 -5.69743518]\n",
      " [ 1.37647113 -1.49855106 -4.20446329 -6.04971752]\n",
      " [-3.24445427 -4.20446329 -5.69277026 -7.01666683]\n",
      " [-5.69743518 -6.04971752 -7.01666683 -8.07988458]]\n",
      "difference metric = 0.4419003612240886\n",
      "[[ 0.          1.35836645 -3.27199657 -5.72914611]\n",
      " [ 1.35836645 -1.52304842 -4.23438319 -6.08247841]\n",
      " [-3.27199657 -4.23438319 -5.72552501 -7.05113871]\n",
      " [-5.72914611 -6.08247841 -7.05113871 -8.11551165]]\n",
      "difference metric = 0.42802201686522867\n",
      "[[ 0.          1.34083036 -3.29867388 -5.75986113]\n",
      " [ 1.34083036 -1.54677641 -4.26336343 -6.11421042]\n",
      " [-3.29867388 -4.26336343 -5.75725107 -7.08452796]\n",
      " [-5.75986113 -6.11421042 -7.08452796 -8.15001981]]\n",
      "difference metric = 0.41457953606404074\n",
      "[[ 0.          1.32384502 -3.32451336 -5.78961151]\n",
      " [ 1.32384502 -1.56975921 -4.29143351 -6.14494585]\n",
      " [-3.32451336 -4.29143351 -5.78798074 -7.11686859]\n",
      " [-5.78961151 -6.14494585 -7.11686859 -8.1834442 ]]\n",
      "difference metric = 0.4015592301937616\n",
      "[[ 0.          1.30739311 -3.34954132 -5.81842755]\n",
      " [ 1.30739311 -1.5920202  -4.31862203 -6.174716  ]\n",
      " [-3.34954132 -4.31862203 -5.81774531 -7.14819352]\n",
      " [-5.81842755 -6.174716   -7.14819352 -8.21581886]]\n",
      "difference metric = 0.3889478404979205\n",
      "[[ 0.          1.2914579  -3.37378325 -5.84633859]\n",
      " [ 1.2914579  -1.61358206 -4.34495666 -6.20355119]\n",
      " [-3.37378325 -4.34495666 -5.84657509 -7.17853467]\n",
      " [-5.84633859 -6.20355119 -7.17853467 -8.24717676]]\n",
      "difference metric = 0.37673252459968243\n",
      "[[ 0.          1.27602315 -3.39726384 -5.87337305]\n",
      " [ 1.27602315 -1.63446675 -4.37046422 -6.23148078]\n",
      " [-3.39726384 -4.37046422 -5.87449944 -7.20792291]\n",
      " [-5.87337305 -6.23148078 -7.20792291 -8.27754984]]\n",
      "difference metric = 0.36490084343210794\n",
      "[[ 0.          1.26107314 -3.42000699 -5.89955847]\n",
      " [ 1.26107314 -1.65469554 -4.39517069 -6.25853321]\n",
      " [-3.42000699 -4.39517069 -5.9015468  -7.23638819]\n",
      " [-5.89955847 -6.25853321 -7.23638819 -8.30696902]]\n",
      "difference metric = 0.3534407485770257\n",
      "[[ 0.          1.24659265 -3.44203587 -5.92492151]\n",
      " [ 1.24659265 -1.67428902 -4.41910123 -6.28473603]\n",
      " [-3.44203587 -4.41910123 -5.92774471 -7.26395949]\n",
      " [-5.92492151 -6.28473603 -7.26395949 -8.33546425]]\n",
      "difference metric = 0.3423405699998774\n",
      "[[ 0.          1.23256694 -3.46337292 -5.94948799]\n",
      " [ 1.23256694 -1.69326714 -4.4422802  -6.31011593]\n",
      " [-3.46337292 -4.4422802  -5.95311984 -7.29066488]\n",
      " [-5.94948799 -6.31011593 -7.29066488 -8.36306456]]\n",
      "difference metric = 0.33158900416895487\n",
      "[[ 0.          1.21898172 -3.48403985 -5.97328294]\n",
      " [ 1.21898172 -1.71164924 -4.46473121 -6.33469874]\n",
      " [-3.48403985 -4.46473121 -5.97769805 -7.31653156]\n",
      " [-5.97328294 -6.33469874 -7.31653156 -8.38979806]]\n",
      "difference metric = 0.32117510254688186\n",
      "[[ 0.          1.20582316 -3.50405771 -5.99633058]\n",
      " [ 1.20582316 -1.72945403 -4.48647713 -6.3585095 ]\n",
      " [-3.50405771 -4.48647713 -6.00150434 -7.34158587]\n",
      " [-5.99633058 -6.3585095  -7.34158587 -8.41569196]]\n",
      "difference metric = 0.31108826044299964\n",
      "[[ 0.          1.19307785 -3.52344689 -6.01865439]\n",
      " [ 1.19307785 -1.74669964 -4.50754009 -6.38157246]\n",
      " [-3.52344689 -4.50754009 -6.02456298 -7.36585332]\n",
      " [-6.01865439 -6.38157246 -7.36585332 -8.44077264]]\n",
      "difference metric = 0.30131820621558747\n",
      "[[ 0.          1.18073283 -3.54222714 -6.04027709]\n",
      " [ 1.18073283 -1.76340363 -4.52794155 -6.40391111]\n",
      " [-3.54222714 -4.52794155 -6.04689744 -7.38935863]\n",
      " [-6.04027709 -6.40391111 -7.38935863 -8.46506563]]\n",
      "difference metric = 0.29185499081273036\n",
      "[[ 0.          1.16877552 -3.56041757 -6.06122072]\n",
      " [ 1.16877552 -1.77958302 -4.54770228 -6.42554818]\n",
      " [-3.56041757 -4.54770228 -6.06853045 -7.41212572]\n",
      " [-6.06122072 -6.42554818 -7.41212572 -8.48859568]]\n",
      "difference metric = 0.28268897764165235\n",
      "[[ 0.          1.15719373 -3.57803671 -6.08150658]\n",
      " [ 1.15719373 -1.79525427 -4.5668424  -6.44650572]\n",
      " [-3.57803671 -4.5668424  -6.08948406 -7.4341778 ]\n",
      " [-6.08150658 -6.44650572 -7.4341778  -8.51138674]]\n",
      "difference metric = 0.2738108327559221\n",
      "[[ 0.          1.14597569 -3.5951025  -6.10115535]\n",
      " [ 1.14597569 -1.81043336 -4.58538141 -6.46680507]\n",
      " [-3.5951025  -4.58538141 -6.1097796  -7.4555373 ]\n",
      " [-6.10115535 -6.46680507 -7.4555373  -8.53346202]]\n",
      "difference metric = 0.2652115153508343\n",
      "[[ 0.          1.13510996 -3.61163233 -6.12018702]\n",
      " [ 1.13510996 -1.82513573 -4.60333818 -6.48646689]\n",
      " [-3.61163233 -4.60333818 -6.12943774 -7.47622599]\n",
      " [-6.12018702 -6.48646689 -7.47622599 -8.55484401]]\n",
      "difference metric = 0.25688226855717233\n",
      "[[ 0.          1.12458548 -3.62764301 -6.13862099]\n",
      " [ 1.12458548 -1.83937635 -4.620731   -6.50551122]\n",
      " [-3.62764301 -4.620731   -6.1484785  -7.49626493]\n",
      " [-6.13862099 -6.50551122 -7.49626493 -8.57555447]]\n",
      "difference metric = 0.24881461052403941\n",
      "[[ 0.          1.11439153 -3.64315087 -6.15647602]\n",
      " [ 1.11439153 -1.85316974 -4.63757758 -6.52395744]\n",
      " [-3.64315087 -4.63757758 -6.16692125 -7.51567452]\n",
      " [-6.15647602 -6.52395744 -7.51567452 -8.59561449]]\n",
      "difference metric = 0.24100032578174369\n",
      "[[ 0.          1.10451773 -3.65817168 -6.17377029]\n",
      " [ 1.10451773 -1.86652992 -4.65389507 -6.54182433]\n",
      " [-3.65817168 -4.65389507 -6.1847848  -7.53447454]\n",
      " [-6.17377029 -6.54182433 -7.53447454 -8.61504451]]\n",
      "difference metric = 0.23343145687586175\n",
      "[[ 0.          1.09495403 -3.67272075 -6.19052141]\n",
      " [ 1.09495403 -1.87947052 -4.6697001  -6.55913009]\n",
      " [-3.67272075 -4.6697001  -6.20208732 -7.55268412]\n",
      " [-6.19052141 -6.55913009 -7.55268412 -8.63386431]]\n",
      "difference metric = 0.22610029626409167\n",
      "[[ 0.          1.08569069 -3.68681289 -6.20674645]\n",
      " [ 1.08569069 -1.89200471 -4.68500875 -6.57589235]\n",
      " [-3.68681289 -4.68500875 -6.21884643 -7.5703218 ]\n",
      " [-6.20674645 -6.57589235 -7.5703218  -8.65209306]]\n",
      "difference metric = 0.21899937846748196\n",
      "[[ 0.          1.07671827 -3.70046246 -6.22246193]\n",
      " [ 1.07671827 -1.90414524 -4.69983662 -6.59212818]\n",
      " [-3.70046246 -4.69983662 -6.23507921 -7.58740556]\n",
      " [-6.22246193 -6.59212818 -7.58740556 -8.66974931]]\n",
      "difference metric = 0.21212147246826651\n",
      "[[ 0.          1.06802764 -3.71368334 -6.23768385]\n",
      " [ 1.06802764 -1.91590449 -4.71419881 -6.6078541 ]\n",
      " [-3.71368334 -4.71419881 -6.25080218 -7.60395279]\n",
      " [-6.23768385 -6.6078541  -7.60395279 -8.68685105]]\n",
      "difference metric = 0.20545957434632345\n",
